-39.6644513892321 -16.6392074905653 -51.5437688024297 0
-5.88483986727485 -9.95362463827423 34.9058067010167 0
-24261.5272597088 -39144.3016435963 -11934.5466983250 0
-436655.947697853 241991.451787059 -1040004.35494085 0
436658.309764550 -241991.582497985 1040009.96039466 0
1209136.42914889 1950849.18135855 594782.873078931 0
964800.666712815 1143710.21985337 1722195.29763299 0
-28120.6698251695 -18093.2160819915 -55424.3687768998 0
-2.92991341517399 1.14215401633617 1.17785731195212 0
-0.0163537204600433 -0.00322195287327791 0.00878398592447455 0
-0.345746778258183 4.95032290955976 4.93196908250456 0