0.662899 0.012826 0.229786 1.000000
0.663157 0.013439 0.229826 1.000000
0.663354 0.014137 0.229882 1.000000
0.663664 0.014788 0.229958 1.000000
0.664119 0.014796 0.230084 1.000000
0.664597 0.014849 0.230278 1.000000
0.665054 0.015076 0.230532 1.000000
0.665474 0.015667 0.230829 1.000000
0.665893 0.016254 0.231142 1.000000
0.666276 0.017249 0.231478 1.000000
0.667089 0.018782 0.231554 1.000000
0.667771 0.020835 0.231183 1.000000
0.668493 0.022330 0.231004 1.000000
0.669161 0.022704 0.230896 1.000000
0.669687 0.024409 0.230943 1.000000
0.670414 0.026229 0.231000 1.000000
0.670934 0.028607 0.230816 1.000000
0.671426 0.028838 0.230514 1.000000
0.671730 0.028839 0.230088 1.000000
0.671928 0.029236 0.229753 1.000000
0.672472 0.030791 0.229422 1.000000
0.672800 0.031982 0.229107 1.000000
0.673154 0.032995 0.228880 1.000000
0.673611 0.034292 0.228621 1.000000
0.674105 0.035471 0.228457 1.000000
0.674659 0.036012 0.228438 1.000000
0.675380 0.038003 0.228488 1.000000
0.676135 0.039842 0.228535 1.000000
0.676849 0.041459 0.228511 1.000000
0.677417 0.042286 0.228421 1.000000
0.677785 0.043248 0.228408 1.000000
0.677923 0.044825 0.228463 1.000000
0.678270 0.045909 0.228386 1.000000
0.678515 0.045527 0.228261 1.000000
0.678737 0.045851 0.228213 1.000000
0.678934 0.045612 0.228227 1.000000
0.678903 0.044369 0.228255 1.000000
0.678562 0.041944 0.228239 1.000000
0.678001 0.037947 0.228101 1.000000
0.677449 0.033472 0.227775 1.000000
0.677045 0.030248 0.227452 1.000000
0.676969 0.026870 0.227225 1.000000
0.676873 0.023973 0.227168 1.000000
0.676786 0.021410 0.227380 1.000000
0.676846 0.020463 0.227747 1.000000
0.676952 0.020270 0.227928 1.000000
0.676980 0.018508 0.227904 1.000000
0.676850 0.016596 0.227781 1.000000
0.676849 0.014257 0.227735 1.000000
0.676944 0.011928 0.227810 1.000000
0.676894 0.010022 0.227929 1.000000
0.676528 0.007129 0.228276 1.000000
0.676592 0.006664 0.228314 1.000000
0.676614 0.003433 0.228470 1.000000
0.676494 0.001681 0.228400 1.000000
0.676494 0.001295 0.228372 1.000000
0.676307 0.004842 0.227873 1.000000
0.675999 0.008158 0.227703 1.000000
0.675803 0.011292 0.227607 1.000000
0.675798 0.013410 0.227506 1.000000
0.675754 0.015057 0.227379 1.000000
0.675991 0.016297 0.227280 1.000000
0.675926 0.019212 0.227315 1.000000
0.675857 0.021382 0.227476 1.000000
0.675755 0.022846 0.227630 1.000000
0.675507 0.024720 0.227715 1.000000
0.675091 0.027910 0.227848 1.000000
0.675016 0.030259 0.228043 1.000000
0.675070 0.031768 0.228221 1.000000
0.675119 0.032739 0.228339 1.000000
0.675017 0.034130 0.228393 1.000000
0.674871 0.036928 0.228447 1.000000
0.675025 0.039552 0.228513 1.000000
0.675373 0.041928 0.228465 1.000000
0.675453 0.043696 0.228312 1.000000
0.675443 0.045641 0.228047 1.000000
0.675369 0.046808 0.227642 1.000000
0.675443 0.046685 0.227041 1.000000
0.675229 0.047272 0.226729 1.000000
0.674848 0.048925 0.226518 1.000000
0.674773 0.049063 0.226421 1.000000
0.674796 0.049174 0.226372 1.000000
0.674753 0.049904 0.226369 1.000000
0.674645 0.053012 0.226457 1.000000
0.674272 0.056125 0.226604 1.000000
0.674258 0.057557 0.226746 1.000000
0.674364 0.057971 0.226708 1.000000
0.674035 0.059016 0.226677 1.000000
0.673430 0.060109 0.226709 1.000000
0.672949 0.060254 0.226744 1.000000
0.672972 0.058370 0.226793 1.000000
0.673104 0.055976 0.226823 1.000000
0.673134 0.053164 0.226846 1.000000
0.672687 0.052079 0.226849 1.000000
0.672358 0.051040 0.226888 1.000000
0.672066 0.049389 0.226942 1.000000
0.671736 0.048209 0.227059 1.000000
0.671436 0.046847 0.227169 1.000000
0.671253 0.045244 0.227227 1.000000
0.671245 0.043360 0.227179 1.000000
0.671450 0.041040 0.227047 1.000000
0.671641 0.038985 0.226916 1.000000
0.671820 0.036839 0.226802 1.000000
0.672035 0.034878 0.226747 1.000000
0.672136 0.033455 0.226762 1.000000
0.672051 0.032639 0.226871 1.000000
0.672118 0.031368 0.227001 1.000000
0.672469 0.029104 0.227057 1.000000
0.672723 0.027650 0.227046 1.000000
0.672773 0.025338 0.227017 1.000000
0.672713 0.024282 0.226989 1.000000
0.673020 0.021902 0.226984 1.000000
0.673305 0.019395 0.227081 1.000000
0.673529 0.017155 0.227223 1.000000
0.673854 0.014744 0.227338 1.000000
0.674144 0.012581 0.227361 1.000000
0.674473 0.010915 0.227314 1.000000
0.674972 0.009516 0.227247 1.000000
0.675331 0.008345 0.227195 1.000000
0.675806 0.005752 0.227160 1.000000
0.676249 0.003699 0.227224 1.000000
0.676601 0.000994 0.227457 1.000000
0.677429 0.005705 0.227801 1.000000
0.678226 0.010236 0.228016 1.000000
0.679178 0.016037 0.228100 1.000000
0.680440 0.019657 0.227548 1.000000
0.681054 0.023385 0.227352 1.000000
0.682062 0.029895 0.227093 1.000000
0.682951 0.038326 0.226637 1.000000
0.683269 0.045297 0.226735 1.000000
0.683969 0.052202 0.226742 1.000000
0.684229 0.056512 0.227219 1.000000
0.684285 0.056001 0.228507 1.000000
0.684879 0.056253 0.229247 1.000000
0.685185 0.055594 0.229273 1.000000
0.685430 0.055130 0.229067 1.000000
0.685987 0.054431 0.228688 1.000000
0.685987 0.054431 0.228688 1.000000
0.686327 0.053738 0.228296 1.000000
0.686327 0.053738 0.228296 1.000000
0.686449 0.053105 0.227993 1.000000
0.686666 0.051920 0.227915 1.000000
0.686710 0.050883 0.227923 1.000000
0.686402 0.047696 0.228105 1.000000
0.686358 0.047062 0.228145 1.000000
0.686166 0.044624 0.228522 1.000000
0.686236 0.044022 0.228566 1.000000
0.686027 0.040638 0.228775 1.000000
0.686059 0.039694 0.228770 1.000000
0.685798 0.036036 0.228645 1.000000
0.685887 0.034924 0.228616 1.000000
0.686097 0.032652 0.228411 1.000000
0.686055 0.032623 0.228384 1.000000
0.686194 0.029214 0.228356 1.000000
0.686283 0.028872 0.228390 1.000000
0.685950 0.026635 0.228635 1.000000
0.685945 0.025638 0.228632 1.000000
0.685784 0.022834 0.228475 1.000000
0.685906 0.021061 0.228301 1.000000
0.685981 0.019134 0.228100 1.000000
0.685947 0.017185 0.227940 1.000000
0.685779 0.015603 0.227845 1.000000
0.685835 0.013865 0.227734 1.000000
0.686092 0.012285 0.227555 1.000000
0.686399 0.009787 0.227364 1.000000
0.686428 0.009481 0.227344 1.000000
0.686450 0.008029 0.227307 1.000000
0.686367 0.006855 0.227319 1.000000
0.686438 0.006258 0.227330 1.000000
0.686668 0.005670 0.227344 1.000000
0.686924 0.004707 0.227399 1.000000
0.687088 0.003483 0.227493 1.000000
0.687062 0.003673 0.227667 1.000000
0.687044 0.002753 0.228171 1.000000
0.687222 0.002953 0.228208 1.000000
0.687838 0.002507 0.228369 1.000000
0.688108 0.001844 0.228510 1.000000
0.688327 0.001987 0.228837 1.000000
0.688577 0.005319 0.229208 1.000000
0.688385 0.007440 0.229443 1.000000
0.688312 0.010652 0.229657 1.000000
0.688317 0.016274 0.229864 1.000000
0.688528 0.020109 0.230059 1.000000
0.688897 0.023496 0.230158 1.000000
0.689213 0.026485 0.230068 1.000000
0.689481 0.028519 0.229949 1.000000
0.689423 0.030336 0.229803 1.000000
0.689218 0.032047 0.229648 1.000000
0.688707 0.034422 0.229600 1.000000
0.688374 0.036319 0.229717 1.000000
0.688336 0.038195 0.229777 1.000000
0.688786 0.039170 0.229455 1.000000
0.688545 0.043051 0.229426 1.000000
0.688844 0.045032 0.229611 1.000000
0.688826 0.047931 0.229546 1.000000
0.688635 0.049681 0.229561 1.000000
0.688893 0.049649 0.229582 1.000000
0.688994 0.049231 0.229647 1.000000
0.689109 0.049316 0.229673 1.000000
0.689027 0.050042 0.229651 1.000000
0.688885 0.050638 0.229645 1.000000
0.688712 0.051817 0.229630 1.000000
0.688555 0.053118 0.229627 1.000000
0.688492 0.054466 0.229727 1.000000
0.688273 0.055658 0.229877 1.000000
0.687975 0.056424 0.229966 1.000000
0.687602 0.057733 0.229954 1.000000
0.687160 0.059047 0.229955 1.000000
0.686843 0.060092 0.230060 1.000000
0.686942 0.059989 0.230148 1.000000
0.687211 0.059641 0.230170 1.000000
0.687290 0.059121 0.230146 1.000000
0.687348 0.058597 0.230056 1.000000
0.687407 0.057794 0.230006 1.000000
0.687501 0.056194 0.230011 1.000000
0.687585 0.054468 0.230009 1.000000
0.687557 0.052386 0.230025 1.000000
0.687208 0.051318 0.230044 1.000000
0.686655 0.050709 0.230112 1.000000
0.686529 0.049328 0.230128 1.000000
0.686428 0.048148 0.230062 1.000000
0.686271 0.046980 0.230051 1.000000
0.686230 0.046614 0.230069 1.000000
0.686281 0.045956 0.230038 1.000000
0.686588 0.044549 0.230042 1.000000
0.686822 0.042683 0.230084 1.000000
0.686744 0.041640 0.230111 1.000000
0.686638 0.040906 0.230170 1.000000
0.686880 0.039684 0.230140 1.000000
0.687297 0.037844 0.229993 1.000000
0.687554 0.036205 0.229878 1.000000
0.687650 0.034353 0.229807 1.000000
0.687496 0.033321 0.229792 1.000000
0.687394 0.032964 0.229908 1.000000
0.687578 0.032066 0.230056 1.000000
0.687902 0.031214 0.230185 1.000000
0.688101 0.027992 0.230176 1.000000
0.688044 0.026325 0.230004 1.000000
0.688073 0.026244 0.229969 1.000000
0.687959 0.023471 0.229618 1.000000
0.688006 0.023037 0.229596 1.000000
0.687810 0.019260 0.229469 1.000000
0.687799 0.018628 0.229450 1.000000
0.687748 0.016064 0.229273 1.000000
0.687715 0.013596 0.228945 1.000000
0.687750 0.011140 0.228585 1.000000
0.688273 0.006739 0.228150 1.000000
0.688497 0.004424 0.228075 1.000000
0.688560 0.004444 0.228068 1.000000
0.688608 0.011216 0.228028 1.000000
0.688490 0.020208 0.227987 1.000000
0.688862 0.023334 0.228148 1.000000
0.689677 0.025253 0.228714 1.000000
0.689672 0.029004 0.229068 1.000000
0.689978 0.031160 0.229126 1.000000
0.690403 0.031449 0.229120 1.000000
0.690658 0.031408 0.229149 1.000000
0.691075 0.031473 0.229282 1.000000
0.691650 0.032827 0.229296 1.000000
0.692301 0.034220 0.229104 1.000000
0.692877 0.034272 0.228711 1.000000
0.693384 0.034548 0.228235 1.000000
0.693886 0.034327 0.227850 1.000000
0.694297 0.034135 0.227608 1.000000
0.694741 0.033425 0.227531 1.000000
0.695022 0.033606 0.227558 1.000000
0.695214 0.032152 0.227592 1.000000
0.695462 0.030904 0.227565 1.000000
0.695548 0.029541 0.227557 1.000000
0.695703 0.027567 0.227571 1.000000
0.695782 0.025589 0.227578 1.000000
0.695893 0.023786 0.227549 1.000000
0.696020 0.022315 0.227478 1.000000
0.696054 0.021350 0.227414 1.000000
0.696292 0.019185 0.227295 1.000000
0.696607 0.017337 0.227084 1.000000
0.696929 0.015170 0.226936 1.000000
0.697189 0.013022 0.226842 1.000000
0.697324 0.012148 0.226813 1.000000
0.697421 0.011439 0.226747 1.000000
0.697487 0.011086 0.226501 1.000000
0.697382 0.011719 0.226252 1.000000
0.697454 0.011662 0.226041 1.000000
0.698133 0.007474 0.225788 1.000000
0.698624 0.002661 0.225773 1.000000
0.698297 0.009028 0.225853 1.000000
0.698080 0.017001 0.226098 1.000000
0.698286 0.024796 0.226725 1.000000
0.698869 0.028952 0.227029 1.000000
0.698869 0.028952 0.227029 1.000000
0.698818 0.032870 0.226832 1.000000
0.698475 0.036820 0.226780 1.000000
0.698431 0.037671 0.226798 1.000000
0.698546 0.041570 0.226824 1.000000
0.698512 0.042248 0.226796 1.000000
0.698588 0.046309 0.226580 1.000000
0.698382 0.047572 0.226556 1.000000
0.697924 0.052463 0.226508 1.000000
0.697908 0.052624 0.226514 1.000000
0.698149 0.054341 0.226394 1.000000
0.698006 0.054535 0.226310 1.000000
0.697521 0.053212 0.225766 1.000000
0.697071 0.049147 0.225512 1.000000
0.696337 0.046353 0.225740 1.000000
0.696002 0.040688 0.225685 1.000000
0.695707 0.037169 0.225550 1.000000
0.695293 0.035563 0.225560 1.000000
0.695342 0.032153 0.225558 1.000000
0.695529 0.028321 0.225588 1.000000
0.695506 0.025164 0.225570 1.000000
0.695011 0.020747 0.225423 1.000000
0.694998 0.018359 0.225361 1.000000
0.695167 0.015420 0.225276 1.000000
0.695099 0.014220 0.225340 1.000000
0.695121 0.013058 0.225409 1.000000
0.695205 0.011299 0.225414 1.000000
0.695152 0.010009 0.225509 1.000000
0.695198 0.008598 0.225624 1.000000
0.695576 0.007414 0.225734 1.000000
0.696237 0.005812 0.225747 1.000000
0.696733 0.005591 0.225732 1.000000
0.696947 0.005448 0.225723 1.000000
0.696994 0.004310 0.225664 1.000000
0.697017 0.004860 0.225657 1.000000
0.697041 0.004556 0.225642 1.000000
0.697169 0.003337 0.225766 1.000000
0.541744 0.486538 0.227020 2.000000
0.540970 0.486446 0.226885 2.000000
0.540613 0.486730 0.226872 2.000000
0.541707 0.486781 0.226815 2.000000
0.541558 0.486742 0.226804 2.000000
0.540637 0.485496 0.226617 2.000000
0.540137 0.484863 0.226588 2.000000
0.540535 0.484187 0.226466 2.000000
0.542215 0.484192 0.226471 2.000000
0.543259 0.485430 0.226587 2.000000
0.542815 0.486015 0.226626 2.000000
0.542972 0.488233 0.226818 2.000000
0.542819 0.488727 0.226833 2.000000
0.541769 0.490139 0.226907 2.000000
0.541597 0.490933 0.226896 2.000000
0.540568 0.493265 0.226669 2.000000
0.540429 0.493801 0.226588 2.000000
0.539391 0.497369 0.226079 2.000000
0.539629 0.502747 0.225577 2.000000
0.540397 0.509280 0.225011 2.000000
0.540834 0.513003 0.224455 2.000000
0.541229 0.517150 0.224272 2.000000
0.541496 0.522750 0.223964 2.000000
0.542358 0.526519 0.223396 2.000000
0.542797 0.530279 0.222204 2.000000
0.543374 0.530350 0.221638 2.000000
0.543656 0.530770 0.221518 2.000000
0.543643 0.531658 0.221801 2.000000
0.543842 0.533119 0.222298 2.000000
0.543961 0.534332 0.222601 2.000000
0.544489 0.534820 0.222609 2.000000
0.544840 0.535392 0.222439 2.000000
0.544295 0.534389 0.222217 2.000000
0.543655 0.533326 0.221930 2.000000
0.542238 0.529967 0.221698 2.000000
0.541516 0.526019 0.221665 2.000000
0.540946 0.521519 0.221991 2.000000
0.539672 0.515728 0.223032 2.000000
0.538846 0.512657 0.223920 2.000000
0.538692 0.509462 0.224899 2.000000
0.538310 0.508595 0.224983 2.000000
0.538600 0.506315 0.225019 2.000000
0.538304 0.503909 0.225125 2.000000
0.538132 0.501703 0.225351 2.000000
0.537943 0.499012 0.225626 2.000000
0.537819 0.496834 0.225895 2.000000
0.537793 0.494646 0.226117 2.000000
0.537616 0.492409 0.226274 2.000000
0.537538 0.489704 0.226372 2.000000
0.537671 0.486056 0.226448 2.000000
0.537329 0.481914 0.226686 2.000000
0.537087 0.478360 0.227043 2.000000
0.536774 0.475504 0.227429 2.000000
0.536466 0.472704 0.227704 2.000000
0.536781 0.469802 0.227763 2.000000
0.536878 0.467102 0.227581 2.000000
0.536903 0.463593 0.227109 2.000000
0.537079 0.460434 0.226415 2.000000
0.537555 0.457185 0.225556 2.000000
0.538469 0.452383 0.224436 2.000000
0.538303 0.449333 0.223494 2.000000
0.539179 0.445562 0.222785 2.000000
0.539532 0.441150 0.222276 2.000000
0.539542 0.437223 0.222193 2.000000
0.538764 0.434348 0.222565 2.000000
0.538217 0.432200 0.223198 2.000000
0.537783 0.430454 0.223833 2.000000
0.537723 0.429309 0.224280 2.000000
0.537717 0.427760 0.224342 2.000000
0.537607 0.425354 0.223975 2.000000
0.537427 0.422199 0.222823 2.000000
0.537355 0.421683 0.222702 2.000000
0.539319 0.419196 0.221936 2.000000
0.539370 0.418552 0.221893 2.000000
0.539507 0.417387 0.221760 2.000000
0.539220 0.417059 0.221791 2.000000
0.539333 0.416733 0.221750 2.000000
0.539618 0.416981 0.221593 2.000000
0.539872 0.417196 0.221431 2.000000
0.539295 0.415957 0.221219 2.000000
0.538953 0.414856 0.221033 2.000000
0.538631 0.414483 0.220864 2.000000
0.538164 0.414356 0.220758 2.000000
0.538006 0.414727 0.220778 2.000000
0.537871 0.416942 0.221090 2.000000
0.537290 0.420317 0.221630 2.000000
0.537097 0.424090 0.222056 2.000000
0.536931 0.428497 0.222322 2.000000
0.536465 0.431333 0.222405 2.000000
0.536437 0.434392 0.222552 2.000000
0.536676 0.437756 0.222872 2.000000
0.536582 0.440970 0.223154 2.000000
0.536517 0.443354 0.223246 2.000000
0.536279 0.445521 0.223244 2.000000
0.536127 0.447869 0.223172 2.000000
0.535996 0.450180 0.222938 2.000000
0.536013 0.453697 0.222698 2.000000
0.535968 0.457000 0.222447 2.000000
0.536053 0.461439 0.222150 2.000000
0.536065 0.465693 0.221800 2.000000
0.536186 0.466116 0.221736 2.000000
0.536676 0.471682 0.221066 2.000000
0.536530 0.471969 0.221003 2.000000
0.536306 0.477394 0.220546 2.000000
0.536084 0.477676 0.220524 2.000000
0.536026 0.482030 0.220355 2.000000
0.536411 0.485186 0.220218 2.000000
0.536404 0.488213 0.219995 2.000000
0.536139 0.491241 0.219750 2.000000
0.536172 0.495818 0.219431 2.000000
0.535362 0.500032 0.218830 2.000000
0.535469 0.503565 0.218052 2.000000
0.535252 0.503620 0.217896 2.000000
0.534887 0.504675 0.217101 2.000000
0.534667 0.505118 0.216545 2.000000
0.534795 0.506021 0.216416 2.000000
0.535166 0.507096 0.216635 2.000000
0.535251 0.508861 0.217033 2.000000
0.535267 0.510799 0.217400 2.000000
0.534923 0.512447 0.217601 2.000000
0.535192 0.514647 0.217624 2.000000
0.535322 0.517784 0.217524 2.000000
0.535136 0.519311 0.217594 2.000000
0.535356 0.521830 0.217658 2.000000
0.535452 0.524375 0.217704 2.000000
0.535437 0.525696 0.217677 2.000000
0.535823 0.527621 0.217500 2.000000
0.536793 0.529595 0.217220 2.000000
0.537656 0.530930 0.216991 2.000000
0.538494 0.531321 0.216957 2.000000
0.538666 0.531449 0.217046 2.000000
0.538995 0.532462 0.217266 2.000000
0.539562 0.533868 0.217528 2.000000
0.540587 0.535109 0.217763 2.000000
0.539771 0.534503 0.217934 2.000000
0.539176 0.535167 0.218182 2.000000
0.539210 0.535693 0.218466 2.000000
0.539661 0.536483 0.218691 2.000000
0.539531 0.537011 0.218928 2.000000
0.539715 0.536740 0.219136 2.000000
0.539080 0.536773 0.219312 2.000000
0.538568 0.537471 0.219539 2.000000
0.538644 0.537875 0.219789 2.000000
0.538695 0.537966 0.220102 2.000000
0.539389 0.537936 0.220312 2.000000
0.539293 0.536175 0.220415 2.000000
0.539810 0.534219 0.220568 2.000000
0.540002 0.531895 0.220790 2.000000
0.539545 0.529130 0.221210 2.000000
0.539078 0.526778 0.221688 2.000000
0.538474 0.524659 0.222174 2.000000
0.537984 0.522938 0.222564 2.000000
0.537311 0.521879 0.222845 2.000000
0.536949 0.520057 0.223061 2.000000
0.536349 0.515140 0.223316 2.000000
0.535672 0.511716 0.223790 2.000000
0.535300 0.509182 0.224369 2.000000
0.535240 0.506222 0.224367 2.000000
0.535385 0.503551 0.224406 2.000000
0.535411 0.498791 0.224539 2.000000
0.534544 0.493223 0.224018 2.000000
0.534599 0.490968 0.223546 2.000000
0.535058 0.487727 0.223303 2.000000
0.534666 0.484593 0.223197 2.000000
0.534544 0.479028 0.222760 2.000000
0.534295 0.475190 0.222412 2.000000
0.534332 0.472149 0.221901 2.000000
0.534332 0.468214 0.221503 2.000000
0.534020 0.464480 0.221381 2.000000
0.534655 0.462641 0.221291 2.000000
0.535364 0.458679 0.221198 2.000000
0.535321 0.454922 0.221381 2.000000
0.535497 0.451293 0.221813 2.000000
0.535643 0.447451 0.222180 2.000000
0.535503 0.445107 0.222220 2.000000
0.535856 0.444373 0.222127 2.000000
0.536220 0.444311 0.222107 2.000000
0.536208 0.443425 0.222192 2.000000
0.535921 0.443866 0.222296 2.000000
0.536067 0.444725 0.222420 2.000000
0.535940 0.445857 0.222482 2.000000
0.535839 0.446973 0.222440 2.000000
0.534818 0.448898 0.222393 2.000000
0.534806 0.451885 0.222500 2.000000
0.534588 0.456362 0.222517 2.000000
0.534350 0.460674 0.222091 2.000000
0.534508 0.461711 0.221289 2.000000
0.534625 0.462035 0.220419 2.000000
0.534316 0.461786 0.219877 2.000000
0.534268 0.461904 0.219578 2.000000
0.534659 0.464046 0.219416 2.000000
0.535131 0.465790 0.219164 2.000000
0.535618 0.467748 0.218816 2.000000
0.535441 0.469595 0.218427 2.000000
0.535933 0.471037 0.218037 2.000000
0.535982 0.471462 0.217703 2.000000
0.535851 0.472842 0.217637 2.000000
0.535754 0.474171 0.217859 2.000000
0.536134 0.476261 0.218097 2.000000
0.536817 0.479288 0.218305 2.000000
0.536769 0.480306 0.218359 2.000000
0.536925 0.482272 0.218357 2.000000
0.536913 0.483518 0.218408 2.000000
0.537120 0.484345 0.218493 2.000000
0.536862 0.484255 0.218533 2.000000
0.536869 0.485783 0.218656 2.000000
0.536560 0.485658 0.218754 2.000000
0.536674 0.486424 0.218897 2.000000
0.536401 0.487348 0.219082 2.000000
0.536295 0.488263 0.219227 2.000000
0.536162 0.489529 0.219394 2.000000
0.536053 0.490475 0.219579 2.000000
0.535953 0.491469 0.219833 2.000000
0.535867 0.492349 0.220126 2.000000
0.535827 0.493866 0.220466 2.000000
0.535807 0.494491 0.220746 2.000000
0.536160 0.494666 0.220894 2.000000
0.536162 0.494855 0.221128 2.000000
0.536493 0.496098 0.221464 2.000000
0.536764 0.496949 0.221823 2.000000
0.537003 0.497676 0.222132 2.000000
0.537258 0.498523 0.222426 2.000000
0.537565 0.499143 0.222691 2.000000
0.537829 0.499731 0.223011 2.000000
0.537654 0.500404 0.223413 2.000000
0.537191 0.501125 0.223816 2.000000
0.537284 0.501833 0.224138 2.000000
0.536754 0.500823 0.224349 2.000000
0.537064 0.501732 0.224639 2.000000
0.537351 0.502309 0.225076 2.000000
0.537545 0.502649 0.225544 2.000000
0.537265 0.503116 0.226043 2.000000
0.537382 0.503688 0.226484 2.000000
0.537231 0.504040 0.226995 2.000000
0.537533 0.505517 0.227551 2.000000
0.537468 0.506485 0.228110 2.000000
0.537052 0.507094 0.228913 2.000000
0.537177 0.507426 0.229005 2.000000
0.537320 0.508854 0.230082 2.000000
0.537319 0.509730 0.230473 2.000000
0.537642 0.510545 0.230974 2.000000
0.537455 0.511033 0.231447 2.000000
0.538043 0.512940 0.231873 2.000000
0.538849 0.515016 0.232249 2.000000
0.539914 0.516580 0.232503 2.000000
0.540065 0.518290 0.232661 2.000000
0.540494 0.519771 0.232744 2.000000
0.541004 0.520957 0.232763 2.000000
0.541508 0.522639 0.232644 2.000000
0.541609 0.523932 0.232401 2.000000
0.542166 0.523421 0.231970 2.000000
0.542005 0.523010 0.231525 2.000000
0.541602 0.522352 0.231039 2.000000
0.541281 0.521736 0.230565 2.000000
0.540640 0.521192 0.230038 2.000000
0.539963 0.520496 0.229449 2.000000
0.539694 0.520132 0.228781 2.000000
0.539058 0.518427 0.228080 2.000000
0.538571 0.517288 0.227567 2.000000
0.538605 0.517094 0.227256 2.000000
0.538374 0.517066 0.227078 2.000000
0.538381 0.516792 0.226961 2.000000
0.538037 0.516314 0.226815 2.000000
0.537728 0.516412 0.226644 2.000000
0.538110 0.516408 0.226505 2.000000
0.538867 0.516493 0.226439 2.000000
0.538694 0.516705 0.226443 2.000000
0.538821 0.516745 0.226533 2.000000
0.538535 0.516271 0.226667 2.000000
0.538240 0.516163 0.226913 2.000000
0.537998 0.515998 0.227267 2.000000
0.538137 0.517273 0.227743 2.000000
0.537886 0.517549 0.228260 2.000000
0.537659 0.517551 0.228709 2.000000
0.537557 0.517919 0.229094 2.000000
0.537387 0.517449 0.229495 2.000000
0.537865 0.517717 0.229935 2.000000
0.538396 0.518489 0.230558 2.000000
0.538868 0.518997 0.231141 2.000000
0.538433 0.519612 0.231734 2.000000
0.538922 0.520411 0.232272 2.000000
0.539260 0.520828 0.232788 2.000000
0.539596 0.521257 0.233235 2.000000
0.540352 0.522502 0.233660 2.000000
0.540941 0.523322 0.234020 2.000000
0.541678 0.523944 0.234332 2.000000
0.541568 0.523980 0.234574 2.000000
0.541374 0.525367 0.234714 2.000000
0.540798 0.525256 0.234742 2.000000
0.540652 0.525642 0.234678 2.000000
0.540476 0.525575 0.234503 2.000000
0.540720 0.525518 0.234202 2.000000
0.540916 0.523720 0.233800 2.000000
0.540114 0.521157 0.233430 2.000000
0.539383 0.518245 0.233160 2.000000
0.539306 0.515925 0.232946 2.000000
0.539583 0.514400 0.232637 2.000000
0.538658 0.513262 0.232328 2.000000
0.538159 0.512076 0.232026 2.000000
0.537869 0.511549 0.231644 2.000000
0.537088 0.508765 0.231009 2.000000
0.536615 0.506431 0.230701 2.000000
0.536111 0.504553 0.230379 2.000000
0.536014 0.502157 0.229986 2.000000
0.536250 0.499343 0.229611 2.000000
0.536135 0.497426 0.229385 2.000000
0.535999 0.495791 0.229275 2.000000
0.535885 0.494932 0.229242 2.000000
0.535731 0.493192 0.229115 2.000000
0.667922 0.959661 0.229356 3.000000
0.668087 0.959047 0.229198 3.000000
0.668314 0.958456 0.229019 3.000000
0.668793 0.958601 0.229008 3.000000
0.669244 0.958175 0.229104 3.000000
0.669794 0.958764 0.229379 3.000000
0.670359 0.958915 0.229611 3.000000
0.670515 0.958746 0.229642 3.000000
0.670959 0.958197 0.229884 3.000000
0.671150 0.958779 0.229901 3.000000
0.671471 0.959945 0.229849 3.000000
0.671566 0.959540 0.229806 3.000000
0.671550 0.957390 0.229421 3.000000
0.671446 0.955671 0.229413 3.000000
0.671505 0.955206 0.229459 3.000000
0.671792 0.955876 0.229458 3.000000
0.671919 0.955921 0.229409 3.000000
0.671990 0.955339 0.229360 3.000000
0.672319 0.956361 0.229387 3.000000
0.672728 0.957355 0.229374 3.000000
0.673066 0.957772 0.229256 3.000000
0.673408 0.958039 0.229105 3.000000
0.673739 0.959072 0.228977 3.000000
0.673969 0.960243 0.228825 3.000000
0.673940 0.959466 0.228564 3.000000
0.673283 0.955370 0.228381 3.000000
0.672761 0.951739 0.228513 3.000000
0.672736 0.949459 0.228698 3.000000
0.673605 0.947539 0.228991 3.000000
0.674008 0.947902 0.228858 3.000000
0.674226 0.947383 0.228786 3.000000
0.674335 0.946526 0.228874 3.000000
0.674464 0.944082 0.229031 3.000000
0.674872 0.941171 0.229294 3.000000
0.675642 0.938281 0.229687 3.000000
0.676778 0.936947 0.230197 3.000000
0.677740 0.937110 0.230616 3.000000
0.678062 0.935201 0.230896 3.000000
0.678221 0.932555 0.231242 3.000000
0.678096 0.929113 0.231664 3.000000
0.678153 0.925528 0.232104 3.000000
0.678695 0.923397 0.232493 3.000000
0.679533 0.923062 0.232771 3.000000
0.680100 0.922014 0.232904 3.000000
0.680455 0.921398 0.232934 3.000000
0.680280 0.919970 0.232944 3.000000
0.679790 0.918327 0.233009 3.000000
0.679340 0.917396 0.233124 3.000000
0.679078 0.916898 0.233137 3.000000
0.679027 0.917488 0.233010 3.000000
0.679096 0.919198 0.232888 3.000000
0.679045 0.921269 0.232763 3.000000
0.678770 0.924417 0.232513 3.000000
0.678292 0.927657 0.232206 3.000000
0.677528 0.929668 0.231974 3.000000
0.677083 0.930164 0.231895 3.000000
0.675792 0.933145 0.231675 3.000000
0.675750 0.933785 0.231659 3.000000
0.675572 0.937780 0.231567 3.000000
0.675532 0.940921 0.231568 3.000000
0.675308 0.943907 0.231511 3.000000
0.674974 0.946479 0.231484 3.000000
0.674798 0.949180 0.231469 3.000000
0.674688 0.952173 0.231359 3.000000
0.674363 0.953886 0.231215 3.000000
0.674022 0.955922 0.231140 3.000000
0.673917 0.958222 0.231076 3.000000
0.673736 0.960097 0.230926 3.000000
0.673586 0.964180 0.230773 3.000000
0.673032 0.966619 0.230568 3.000000
0.672191 0.967561 0.230358 3.000000
0.671417 0.968113 0.230325 3.000000
0.670997 0.969086 0.230389 3.000000
0.670925 0.970797 0.230435 3.000000
0.670845 0.972435 0.230387 3.000000
0.670471 0.973561 0.230350 3.000000
0.670223 0.974943 0.230417 3.000000
0.669995 0.974674 0.230514 3.000000
0.670020 0.975175 0.230606 3.000000
0.670384 0.976028 0.230714 3.000000
0.670796 0.977629 0.230754 3.000000
0.671022 0.977943 0.230728 3.000000
0.671051 0.976273 0.230757 3.000000
0.671248 0.974012 0.231023 3.000000
0.672026 0.971355 0.231407 3.000000
0.674825 0.969589 0.232173 3.000000
0.677507 0.969408 0.232746 3.000000
0.677749 0.967754 0.233163 3.000000
0.678757 0.967523 0.233851 3.000000
0.680710 0.967041 0.234485 3.000000
0.681529 0.964123 0.235097 3.000000
0.681703 0.961218 0.235256 3.000000
0.683192 0.952146 0.236901 3.000000
0.683589 0.948184 0.237294 3.000000
0.688554 0.939742 0.239512 3.000000
0.689265 0.940909 0.239675 3.000000
0.697194 0.929061 0.242053 3.000000
0.695686 0.923504 0.242356 3.000000
0.697228 0.919061 0.243106 3.000000
0.700039 0.915745 0.244288 3.000000
0.700985 0.912871 0.245098 3.000000
0.700205 0.910866 0.245775 3.000000
0.699505 0.909965 0.246568 3.000000
0.699463 0.909694 0.247033 3.000000
0.699316 0.910768 0.247069 3.000000
0.699169 0.913337 0.247125 3.000000
0.698836 0.914222 0.247079 3.000000
0.697370 0.917836 0.246370 3.000000
0.696556 0.918290 0.246204 3.000000
0.693417 0.920876 0.245303 3.000000
0.692527 0.920406 0.245182 3.000000
0.689344 0.923926 0.244254 3.000000
0.687174 0.926410 0.243553 3.000000
0.686484 0.926321 0.243466 3.000000
0.683729 0.927614 0.243130 3.000000
0.680102 0.929061 0.242740 3.000000
0.677901 0.931504 0.242369 3.000000
0.676260 0.934676 0.242071 3.000000
0.674953 0.940521 0.241567 3.000000
0.673634 0.943345 0.240960 3.000000
0.672678 0.944315 0.240597 3.000000
0.671812 0.945936 0.240320 3.000000
0.671326 0.947521 0.240050 3.000000
0.671001 0.950313 0.239774 3.000000
0.670478 0.952702 0.239486 3.000000
0.670009 0.954408 0.239183 3.000000
0.669398 0.956295 0.238932 3.000000
0.668608 0.958425 0.238622 3.000000
0.666780 0.961995 0.237896 3.000000
0.665643 0.963719 0.237422 3.000000
0.665535 0.964075 0.237322 3.000000
0.663229 0.964250 0.236435 3.000000
0.662444 0.961918 0.236189 3.000000
0.662516 0.961610 0.236078 3.000000
0.662885 0.962107 0.235899 3.000000
0.663294 0.962048 0.235585 3.000000
0.663681 0.962100 0.235295 3.000000
0.664103 0.961829 0.234987 3.000000
0.664533 0.961349 0.234800 3.000000
0.665209 0.961652 0.234777 3.000000
0.665994 0.963527 0.234746 3.000000
0.666628 0.965372 0.234521 3.000000
0.666946 0.965705 0.234263 3.000000
0.667464 0.965813 0.234066 3.000000
0.668091 0.966943 0.233927 3.000000
0.668900 0.967905 0.233811 3.000000
0.669823 0.970094 0.233664 3.000000
0.670590 0.970486 0.233508 3.000000
0.671203 0.970384 0.233336 3.000000
0.671751 0.970085 0.233230 3.000000
0.672432 0.969630 0.233206 3.000000
0.673053 0.968185 0.233240 3.000000
0.673839 0.968156 0.233376 3.000000
0.674807 0.970017 0.233643 3.000000
0.675420 0.969756 0.233867 3.000000
0.675881 0.969789 0.234076 3.000000
0.677155 0.970160 0.234646 3.000000
0.677956 0.972373 0.234655 3.000000
0.678668 0.975279 0.234678 3.000000
0.679030 0.976863 0.234741 3.000000
0.678953 0.977996 0.234720 3.000000
0.678910 0.981455 0.234552 3.000000
0.678473 0.982733 0.234258 3.000000
0.678050 0.984206 0.234129 3.000000
0.677876 0.984027 0.234074 3.000000
0.677934 0.984722 0.234095 3.000000
0.678230 0.985380 0.234036 3.000000
0.678522 0.985742 0.233935 3.000000
0.678637 0.986568 0.233838 3.000000
0.678396 0.985879 0.233748 3.000000
0.678178 0.985088 0.233757 3.000000
0.678313 0.984185 0.233801 3.000000
0.678641 0.982925 0.233853 3.000000
0.679026 0.979659 0.233925 3.000000
0.679725 0.975138 0.234061 3.000000
0.680597 0.968710 0.234368 3.000000
0.682320 0.962293 0.235004 3.000000
0.684910 0.958357 0.235889 3.000000
0.687686 0.956836 0.236622 3.000000
0.689689 0.957099 0.237042 3.000000
0.690439 0.958664 0.237150 3.000000
0.690022 0.958249 0.237119 3.000000
0.689434 0.957685 0.237123 3.000000
0.689426 0.957960 0.237170 3.000000
0.689777 0.959287 0.237067 3.000000
0.690136 0.959462 0.236857 3.000000
0.690230 0.959547 0.236739 3.000000
0.689945 0.957542 0.236794 3.000000
0.689538 0.953418 0.237047 3.000000
0.689532 0.949671 0.237363 3.000000
0.690086 0.947234 0.237742 3.000000
0.691020 0.947410 0.238038 3.000000
0.691519 0.947571 0.238110 3.000000
0.691555 0.947145 0.238127 3.000000
0.691189 0.945091 0.238228 3.000000
0.690868 0.942332 0.238427 3.000000
0.690953 0.939295 0.238679 3.000000
0.692415 0.936633 0.239339 3.000000
0.692572 0.937793 0.239380 3.000000
0.693804 0.940670 0.239566 3.000000
0.693912 0.941837 0.239562 3.000000
0.693608 0.945620 0.239391 3.000000
0.693209 0.949988 0.238932 3.000000
0.692075 0.953286 0.238190 3.000000
0.690241 0.954274 0.237553 3.000000
0.688702 0.954445 0.237301 3.000000
0.687979 0.955300 0.237309 3.000000
0.687881 0.956598 0.237336 3.000000
0.688089 0.959532 0.237333 3.000000
0.688166 0.962594 0.237244 3.000000
0.687926 0.965294 0.237122 3.000000
0.687400 0.966775 0.237025 3.000000
0.686657 0.968027 0.236976 3.000000
0.686091 0.969386 0.236931 3.000000
0.685791 0.970480 0.236855 3.000000
0.685623 0.971598 0.236770 3.000000
0.685521 0.971627 0.236706 3.000000
0.685617 0.972004 0.236665 3.000000
0.685880 0.972249 0.236671 3.000000
0.685963 0.971921 0.236631 3.000000
0.686197 0.972509 0.236610 3.000000
0.686371 0.973019 0.236664 3.000000
0.686664 0.973580 0.236694 3.000000
0.686928 0.975405 0.236657 3.000000
0.687099 0.976581 0.236601 3.000000
0.686981 0.978282 0.236486 3.000000
0.686586 0.979139 0.236314 3.000000
0.686099 0.979484 0.236226 3.000000
0.685660 0.979694 0.236289 3.000000
0.685569 0.979425 0.236395 3.000000
0.685762 0.979391 0.236465 3.000000
0.686014 0.979412 0.236510 3.000000
0.686212 0.979596 0.236565 3.000000
0.686465 0.978365 0.236695 3.000000
0.686747 0.977689 0.236800 3.000000
0.687124 0.977349 0.236853 3.000000
0.687554 0.978078 0.236873 3.000000
0.687744 0.978058 0.236903 3.000000
0.688110 0.976701 0.236983 3.000000
0.688390 0.976233 0.237015 3.000000
0.688882 0.976474 0.236988 3.000000
0.689265 0.977316 0.236891 3.000000
0.689403 0.976785 0.236742 3.000000
0.689381 0.976464 0.236724 3.000000
0.689686 0.975931 0.236838 3.000000
0.690213 0.976276 0.236958 3.000000
0.690839 0.977316 0.236980 3.000000
0.691085 0.977154 0.236960 3.000000
0.691513 0.976997 0.237024 3.000000
0.691882 0.976591 0.237166 3.000000
0.692345 0.975988 0.237317 3.000000
0.692769 0.975221 0.237395 3.000000
0.693347 0.972562 0.237431 3.000000
0.694193 0.968624 0.237496 3.000000
0.695289 0.963701 0.237718 3.000000
0.697142 0.961389 0.238246 3.000000
0.698869 0.961232 0.238719 3.000000
0.699659 0.962188 0.238732 3.000000
0.699538 0.962520 0.238580 3.000000
0.698764 0.960407 0.238631 3.000000
0.698475 0.958207 0.238928 3.000000
0.699253 0.958735 0.239206 3.000000
0.700388 0.961214 0.239191 3.000000
0.701022 0.962716 0.239063 3.000000
0.701053 0.962760 0.239060 3.000000
0.701093 0.962120 0.239113 3.000000
0.701031 0.961600 0.239054 3.000000
0.701040 0.959715 0.238928 3.000000
0.701226 0.956517 0.238865 3.000000
0.701619 0.953153 0.238963 3.000000
0.702279 0.949419 0.239186 3.000000
0.704300 0.942380 0.239807 3.000000
0.704508 0.942618 0.239839 3.000000
0.706688 0.940168 0.240021 3.000000
0.706890 0.941208 0.239981 3.000000
0.707017 0.940417 0.239559 3.000000
0.706792 0.940044 0.239512 3.000000
0.706239 0.939922 0.239559 3.000000
0.707270 0.942761 0.239663 3.000000
0.707542 0.945452 0.239572 3.000000
0.707310 0.946676 0.239711 3.000000
0.707496 0.949254 0.239920 3.000000
0.707372 0.951243 0.239945 3.000000
0.706252 0.952558 0.239792 3.000000
0.705239 0.955703 0.239604 3.000000
0.703940 0.960948 0.239207 3.000000
0.701115 0.968311 0.238844 3.000000
0.698086 0.971262 0.238648 3.000000
0.695883 0.972319 0.238573 3.000000
0.694505 0.976037 0.238374 3.000000
0.692469 0.977202 0.238134 3.000000
0.690954 0.975994 0.238182 3.000000
0.989199 0.596020 0.030400 4.000000
0.988546 0.596037 0.030510 4.000000
0.988750 0.596239 0.030430 4.000000
0.988455 0.596562 0.030358 4.000000
0.987901 0.597186 0.030299 4.000000
0.986619 0.597636 0.030384 4.000000
0.984364 0.597921 0.030642 4.000000
0.982621 0.597919 0.030940 4.000000
0.982336 0.597733 0.031155 4.000000
0.982046 0.597666 0.031143 4.000000
0.983434 0.598176 0.030910 4.000000
0.985040 0.597956 0.031245 4.000000
0.982277 0.596550 0.032084 4.000000
0.980562 0.595709 0.032435 4.000000
0.980340 0.595629 0.032411 4.000000
0.978588 0.595494 0.032383 4.000000
0.975204 0.594951 0.032342 4.000000
0.973144 0.594481 0.032183 4.000000
0.972656 0.594286 0.031899 4.000000
0.972192 0.594215 0.031489 4.000000
0.972640 0.594513 0.031016 4.000000
0.973987 0.594926 0.030603 4.000000
0.977066 0.595007 0.030340 4.000000
0.978929 0.594648 0.030410 4.000000
0.979874 0.594440 0.030472 4.000000
0.980270 0.594100 0.030557 4.000000
0.978060 0.593460 0.030654 4.000000
0.975115 0.592664 0.030727 4.000000
0.973559 0.592290 0.030641 4.000000
0.972338 0.592034 0.030398 4.000000
0.972064 0.592020 0.030045 4.000000
0.972500 0.592592 0.029508 4.000000
0.971727 0.593311 0.028915 4.000000
0.970614 0.594153 0.028316 4.000000
0.969358 0.595281 0.027573 4.000000
0.970011 0.596815 0.026737 4.000000
0.970746 0.598534 0.026060 4.000000
0.971858 0.600831 0.025514 4.000000
0.972925 0.603001 0.025129 4.000000
0.973983 0.604644 0.025127 4.000000
0.974701 0.605977 0.025500 4.000000
0.975277 0.607678 0.025828 4.000000
0.977649 0.610120 0.025854 4.000000
0.980700 0.613040 0.025847 4.000000
0.983771 0.618043 0.025726 4.000000
0.983890 0.619814 0.025730 4.000000
0.985830 0.621640 0.025653 4.000000
0.986386 0.622982 0.025619 4.000000
0.986068 0.623771 0.025505 4.000000
0.987984 0.624779 0.025232 4.000000
0.991088 0.625548 0.024856 4.000000
0.993580 0.625648 0.024396 4.000000
0.995919 0.625397 0.023995 4.000000
0.997604 0.625007 0.023658 4.000000
0.998763 0.624522 0.023129 4.000000
0.994636 0.623977 0.022159 4.000000
0.989504 0.624204 0.021015 4.000000
0.985022 0.624490 0.019997 4.000000
0.981382 0.624293 0.019187 4.000000
0.976914 0.623991 0.018477 4.000000
0.971775 0.623428 0.017982 4.000000
0.968393 0.622789 0.017693 4.000000
0.966343 0.622051 0.017572 4.000000
0.965058 0.620815 0.017634 4.000000
0.965081 0.618960 0.017784 4.000000
0.966770 0.616557 0.017719 4.000000
0.967672 0.614195 0.017195 4.000000
0.966676 0.612032 0.016335 4.000000
0.965836 0.610925 0.015777 4.000000
0.970767 0.609791 0.015758 4.000000
0.976383 0.607742 0.016110 4.000000
0.978769 0.605001 0.016794 4.000000
0.980342 0.601916 0.017299 4.000000
0.982162 0.598455 0.017223 4.000000
0.985607 0.595935 0.016788 4.000000
0.988136 0.594107 0.016360 4.000000
0.988311 0.592349 0.016102 4.000000
0.984947 0.590661 0.016069 4.000000
0.982917 0.589738 0.016211 4.000000
0.982221 0.589585 0.016481 4.000000
0.982797 0.589707 0.016828 4.000000
0.984466 0.590042 0.017294 4.000000
0.984958 0.590398 0.017976 4.000000
0.985309 0.590834 0.018971 4.000000
0.984190 0.591150 0.021144 4.000000
0.983474 0.590746 0.023083 4.000000
0.983082 0.590090 0.025307 4.000000
0.983482 0.589969 0.026467 4.000000
0.984456 0.590072 0.028294 4.000000
0.983237 0.590470 0.030200 4.000000
0.982300 0.591112 0.033573 4.000000
0.981415 0.591107 0.034244 4.000000
0.979351 0.590866 0.038140 4.000000
0.978529 0.590758 0.038883 4.000000
0.976719 0.590683 0.042906 4.000000
0.975511 0.590568 0.043453 4.000000
0.972531 0.591107 0.046981 4.000000
0.971647 0.591154 0.047501 4.000000
0.969474 0.592871 0.049885 4.000000
0.969290 0.593029 0.050142 4.000000
0.966716 0.594525 0.051255 4.000000
0.966539 0.594491 0.051323 4.000000
0.964891 0.595712 0.051843 4.000000
0.964924 0.595714 0.051895 4.000000
0.963833 0.596700 0.051854 4.000000
0.964770 0.598746 0.051075 4.000000
0.966036 0.600293 0.051074 4.000000
0.966768 0.601472 0.051700 4.000000
0.967197 0.603163 0.051668 4.000000
0.966752 0.604660 0.051151 4.000000
0.963996 0.606574 0.050226 4.000000
0.964053 0.608628 0.048288 4.000000
0.967632 0.609571 0.045507 4.000000
0.966584 0.611928 0.041454 4.000000
0.960487 0.616560 0.036128 4.000000
0.962587 0.618861 0.031652 4.000000
0.967591 0.620558 0.027870 4.000000
0.971256 0.621625 0.021763 4.000000
0.972773 0.621554 0.015778 4.000000
0.973717 0.621759 0.014858 4.000000
0.978425 0.621988 0.010429 4.000000
0.979360 0.621902 0.009893 4.000000
0.983864 0.619816 0.007613 4.000000
0.984515 0.619718 0.007405 4.000000
0.987725 0.616209 0.006164 4.000000
0.987948 0.615622 0.006005 4.000000
0.991407 0.613549 0.005641 4.000000
0.993134 0.612476 0.005837 4.000000
0.995246 0.610927 0.006433 4.000000
0.997020 0.608758 0.007393 4.000000
0.990467 0.607122 0.008657 4.000000
0.981959 0.605383 0.010342 4.000000
0.970895 0.600944 0.014422 4.000000
0.967033 0.598862 0.016490 4.000000
0.963871 0.597370 0.018566 4.000000
0.958055 0.595900 0.020679 4.000000
0.952547 0.594147 0.023262 4.000000
0.947735 0.592224 0.025769 4.000000
0.944061 0.590721 0.028171 4.000000
0.940707 0.589524 0.030541 4.000000
0.938403 0.588348 0.033081 4.000000
0.938513 0.587467 0.035833 4.000000
0.938334 0.585748 0.038825 4.000000
0.939117 0.583907 0.041492 4.000000
0.942842 0.582753 0.043782 4.000000
0.947348 0.582079 0.045698 4.000000
0.951488 0.581461 0.047121 4.000000
0.958554 0.579621 0.048973 4.000000
0.961343 0.578705 0.049532 4.000000
0.962261 0.578567 0.049591 4.000000
0.966337 0.578313 0.049749 4.000000
0.974379 0.577389 0.049540 4.000000
0.979736 0.576564 0.049402 4.000000
0.984889 0.575530 0.049187 4.000000
0.989213 0.574561 0.048555 4.000000
0.992704 0.574067 0.047654 4.000000
0.995421 0.573546 0.046530 4.000000
0.997954 0.573617 0.045074 4.000000
0.993580 0.574207 0.043578 4.000000
0.988237 0.574656 0.042246 4.000000
0.983834 0.574703 0.041148 4.000000
0.981906 0.574450 0.040156 4.000000
0.980418 0.574229 0.039000 4.000000
0.979716 0.574541 0.037690 4.000000
0.978197 0.575098 0.036344 4.000000
0.976860 0.575603 0.035087 4.000000
0.976106 0.575712 0.033869 4.000000
0.974309 0.575728 0.032560 4.000000
0.971675 0.575788 0.031087 4.000000
0.971025 0.575691 0.029303 4.000000
0.972167 0.575271 0.027474 4.000000
0.971671 0.574800 0.025500 4.000000
0.971809 0.574080 0.023511 4.000000
0.973412 0.573246 0.021605 4.000000
0.976948 0.572382 0.019372 4.000000
0.980433 0.571932 0.017103 4.000000
0.983974 0.572459 0.014944 4.000000
0.985824 0.573040 0.013220 4.000000
0.987136 0.573197 0.012029 4.000000
0.987828 0.572218 0.010995 4.000000
0.988004 0.571207 0.010733 4.000000
0.988468 0.569825 0.010317 4.000000
0.990096 0.568282 0.009514 4.000000
0.991589 0.567190 0.008286 4.000000
0.991600 0.566406 0.007008 4.000000
0.992990 0.565974 0.005981 4.000000
0.992591 0.565440 0.005475 4.000000
0.990903 0.565318 0.005126 4.000000
0.992292 0.565631 0.004801 4.000000
0.994539 0.565854 0.004704 4.000000
0.994006 0.565051 0.005069 4.000000
0.991438 0.563312 0.005847 4.000000
0.989024 0.562134 0.006551 4.000000
0.988268 0.561072 0.007244 4.000000
0.989277 0.560917 0.008249 4.000000
0.988644 0.561015 0.008440 4.000000
0.985766 0.560632 0.010902 4.000000
0.980511 0.560291 0.012511 4.000000
0.974943 0.560057 0.013990 4.000000
0.970792 0.560327 0.015364 4.000000
0.967635 0.561113 0.016847 4.000000
0.964580 0.561928 0.018720 4.000000
0.962617 0.562448 0.020825 4.000000
0.959958 0.562972 0.023412 4.000000
0.957411 0.563367 0.025753 4.000000
0.955773 0.563872 0.028192 4.000000
0.955237 0.564750 0.030721 4.000000
0.954168 0.565206 0.033289 4.000000
0.952299 0.565079 0.035847 4.000000
0.949575 0.564800 0.038219 4.000000
0.947963 0.565042 0.040179 4.000000
0.947337 0.565995 0.041744 4.000000
0.944567 0.566374 0.042942 4.000000
0.941266 0.566140 0.043815 4.000000
0.938583 0.565884 0.044927 4.000000
0.939112 0.566064 0.045166 4.000000
0.940721 0.566383 0.044381 4.000000
0.943502 0.566835 0.042648 4.000000
0.946608 0.567303 0.040391 4.000000
0.946608 0.567303 0.040391 4.000000
0.949435 0.566997 0.037850 4.000000
0.947536 0.566337 0.035678 4.000000
0.950566 0.566315 0.035190 4.000000
0.950875 0.566402 0.032877 4.000000
0.952973 0.566336 0.032603 4.000000
0.957225 0.565129 0.031024 4.000000
0.959981 0.564025 0.030039 4.000000
0.962290 0.563390 0.028725 4.000000
0.961542 0.563274 0.027318 4.000000
0.960637 0.562800 0.025977 4.000000
0.961979 0.561373 0.024830 4.000000
0.966603 0.559668 0.023329 4.000000
0.970532 0.558537 0.021403 4.000000
0.974013 0.557632 0.019336 4.000000
0.974688 0.556889 0.017348 4.000000
0.976076 0.555777 0.015394 4.000000
0.978002 0.554178 0.013182 4.000000
0.981096 0.552424 0.010640 4.000000
0.982221 0.551264 0.007605 4.000000
0.984335 0.551076 0.004816 4.000000
0.987631 0.551145 0.002255 4.000000
0.992880 0.549928 0.004061 4.000000
0.992803 0.549722 0.007074 4.000000
0.992504 0.549316 0.007635 4.000000
0.992379 0.548529 0.008022 4.000000
0.993555 0.548933 0.007981 4.000000
0.979807 0.549935 0.006535 4.000000
0.973539 0.550409 0.006106 4.000000
0.959644 0.549909 0.003587 4.000000
0.957748 0.550174 0.003028 4.000000
0.953602 0.550389 0.000203 4.000000
0.952221 0.550889 0.000854 4.000000
0.942996 0.550545 0.005313 4.000000
0.939386 0.550330 0.006050 4.000000
0.930476 0.547979 0.011754 4.000000
0.928573 0.547270 0.017257 4.000000
0.926731 0.546170 0.023320 4.000000
0.930063 0.545664 0.029745 4.000000
0.935378 0.545194 0.035910 4.000000
0.945123 0.545100 0.041082 4.000000
0.952561 0.544545 0.044964 4.000000
0.958431 0.544353 0.046736 4.000000
0.969267 0.545912 0.046642 4.000000
0.977580 0.546198 0.046030 4.000000
0.984842 0.547517 0.043720 4.000000
0.990185 0.550146 0.039231 4.000000
0.993428 0.553268 0.033477 4.000000
0.994839 0.554663 0.028475 4.000000
0.995887 0.555115 0.024164 4.000000
0.995806 0.555927 0.019836 4.000000
0.995253 0.557228 0.015245 4.000000
0.994933 0.557842 0.011839 4.000000
0.994356 0.558312 0.011203 4.000000
0.994161 0.559452 0.008649 4.000000
0.994411 0.559662 0.008335 4.000000
0.993154 0.559973 0.006272 4.000000
0.992730 0.560129 0.005906 4.000000
0.992134 0.560998 0.003824 4.000000
0.991699 0.561356 0.003402 4.000000
0.991197 0.562991 0.001160 4.000000
0.990707 0.563952 0.001609 4.000000
0.989585 0.564846 0.002859 4.000000
0.987350 0.566116 0.003867 4.000000
0.986571 0.566984 0.004602 4.000000
0.983534 0.567496 0.005115 4.000000
0.979138 0.567711 0.005401 4.000000
0.976352 0.568353 0.005554 4.000000
0.975205 0.569081 0.005555 4.000000
0.976141 0.569882 0.005367 4.000000
0.042126 0.518851 0.030291 5.000000
0.041675 0.519163 0.030008 5.000000
0.041779 0.519575 0.029663 5.000000
0.041420 0.520087 0.029268 5.000000
0.039719 0.520840 0.028910 5.000000
0.036963 0.521503 0.028607 5.000000
0.034845 0.522094 0.028501 5.000000
0.034228 0.522394 0.028588 5.000000
0.033259 0.522659 0.028691 5.000000
0.031826 0.523071 0.028738 5.000000
0.031648 0.523531 0.028826 5.000000
0.032268 0.523980 0.028983 5.000000
0.032010 0.524466 0.029077 5.000000
0.031616 0.525103 0.028969 5.000000
0.032584 0.525585 0.028588 5.000000
0.032493 0.526090 0.028050 5.000000
0.032251 0.526590 0.027657 5.000000
0.032088 0.527161 0.027463 5.000000
0.032736 0.527673 0.027288 5.000000
0.033353 0.528278 0.027065 5.000000
0.034602 0.528875 0.026891 5.000000
0.034965 0.529445 0.026974 5.000000
0.035920 0.529890 0.027329 5.000000
0.036217 0.530067 0.027855 5.000000
0.036182 0.530005 0.028749 5.000000
0.037707 0.529671 0.029947 5.000000
0.041386 0.529064 0.030969 5.000000
0.043274 0.528435 0.032415 5.000000
0.042482 0.528229 0.033000 5.000000
0.044907 0.527718 0.032879 5.000000
0.047471 0.527359 0.032192 5.000000
0.047264 0.527417 0.030917 5.000000
0.045335 0.527494 0.029207 5.000000
0.044080 0.527665 0.027485 5.000000
0.043923 0.528099 0.025981 5.000000
0.045039 0.528467 0.024980 5.000000
0.045233 0.528561 0.024588 5.000000
0.044763 0.528292 0.024803 5.000000
0.044646 0.527591 0.025584 5.000000
0.044195 0.527008 0.026588 5.000000
0.044578 0.526282 0.027606 5.000000
0.043741 0.525341 0.028667 5.000000
0.041267 0.524440 0.029928 5.000000
0.039655 0.523493 0.031481 5.000000
0.038492 0.522585 0.033359 5.000000
0.037547 0.521598 0.035608 5.000000
0.036676 0.520651 0.037731 5.000000
0.035619 0.519907 0.039482 5.000000
0.034925 0.519262 0.040757 5.000000
0.033862 0.519012 0.041292 5.000000
0.033893 0.519064 0.041237 5.000000
0.033586 0.519590 0.040743 5.000000
0.033947 0.520445 0.039797 5.000000
0.033873 0.521657 0.038432 5.000000
0.033728 0.523128 0.036902 5.000000
0.033102 0.524637 0.035376 5.000000
0.034129 0.525881 0.034081 5.000000
0.036985 0.527023 0.032753 5.000000
0.037952 0.528025 0.031465 5.000000
0.037068 0.528656 0.030477 5.000000
0.037134 0.529234 0.029884 5.000000
0.039948 0.529489 0.029552 5.000000
0.042118 0.529433 0.029033 5.000000
0.042848 0.529496 0.028103 5.000000
0.045637 0.529940 0.025672 5.000000
0.045496 0.530059 0.025142 5.000000
0.044136 0.531038 0.021563 5.000000
0.048779 0.532188 0.018412 5.000000
0.049931 0.531629 0.017256 5.000000
0.054288 0.529316 0.017612 5.000000
0.054925 0.525982 0.017676 5.000000
0.052269 0.524799 0.018174 5.000000
0.051051 0.523284 0.019790 5.000000
0.042944 0.522236 0.021673 5.000000
0.041088 0.521242 0.023869 5.000000
0.042107 0.521046 0.024194 5.000000
0.037637 0.519987 0.026444 5.000000
0.035840 0.519940 0.026827 5.000000
0.033628 0.519313 0.029038 5.000000
0.032161 0.518709 0.030526 5.000000
0.028619 0.518580 0.031541 5.000000
0.026693 0.518456 0.031665 5.000000
0.026272 0.518564 0.030966 5.000000
0.027715 0.518888 0.029694 5.000000
0.030070 0.519270 0.028155 5.000000
0.029923 0.520228 0.026597 5.000000
0.029494 0.521340 0.025092 5.000000
0.031262 0.522264 0.023491 5.000000
0.034530 0.522976 0.021904 5.000000
0.035923 0.523646 0.020250 5.000000
0.038029 0.524244 0.018807 5.000000
0.038273 0.524528 0.017558 5.000000
0.037872 0.524678 0.016529 5.000000
0.040813 0.524546 0.015798 5.000000
0.045814 0.522867 0.014337 5.000000
0.044497 0.522857 0.014183 5.000000
0.045151 0.521186 0.013388 5.000000
0.046230 0.521133 0.013418 5.000000
0.051074 0.518405 0.014713 5.000000
0.051522 0.517060 0.015836 5.000000
0.050070 0.516101 0.016831 5.000000
0.048891 0.514898 0.017757 5.000000
0.050571 0.513350 0.018522 5.000000
0.049921 0.512090 0.019236 5.000000
0.046856 0.511197 0.019916 5.000000
0.044160 0.510239 0.020814 5.000000
0.041591 0.509236 0.022140 5.000000
0.039547 0.508237 0.023831 5.000000
0.038015 0.507522 0.025679 5.000000
0.036371 0.505987 0.029324 5.000000
0.031618 0.504414 0.032748 5.000000
0.029717 0.504438 0.034363 5.000000
0.028304 0.505185 0.034038 5.000000
0.026505 0.506280 0.033527 5.000000
0.025786 0.506564 0.033389 5.000000
0.025048 0.508620 0.032216 5.000000
0.027751 0.508943 0.031921 5.000000
0.030785 0.511874 0.029684 5.000000
0.030410 0.512321 0.029383 5.000000
0.031021 0.514945 0.027538 5.000000
0.032081 0.516350 0.026229 5.000000
0.034272 0.517390 0.024583 5.000000
0.036973 0.518433 0.022606 5.000000
0.037387 0.519313 0.021058 5.000000
0.039435 0.520521 0.019029 5.000000
0.040828 0.521302 0.017667 5.000000
0.044098 0.522026 0.016068 5.000000
0.044859 0.522539 0.014281 5.000000
0.046118 0.522717 0.012669 5.000000
0.048329 0.522737 0.011198 5.000000
0.051138 0.522615 0.010073 5.000000
0.050744 0.522406 0.009289 5.000000
0.049490 0.522404 0.008766 5.000000
0.051216 0.522097 0.008551 5.000000
0.055522 0.520574 0.008885 5.000000
0.052410 0.517997 0.011007 5.000000
0.049866 0.514620 0.015334 5.000000
0.048358 0.510607 0.020174 5.000000
0.043156 0.507493 0.024140 5.000000
0.040826 0.504911 0.027811 5.000000
0.037088 0.502752 0.030682 5.000000
0.034898 0.501869 0.032371 5.000000
0.032976 0.501880 0.033294 5.000000
0.033406 0.501914 0.033424 5.000000
0.033162 0.502603 0.033667 5.000000
0.031508 0.504005 0.033299 5.000000
0.031012 0.504287 0.033221 5.000000
0.031149 0.506102 0.032551 5.000000
0.032311 0.506387 0.032426 5.000000
0.033472 0.508562 0.031488 5.000000
0.033550 0.508900 0.031315 5.000000
0.034457 0.511524 0.029378 5.000000
0.036816 0.513591 0.026761 5.000000
0.038236 0.515652 0.023823 5.000000
0.037603 0.518354 0.019624 5.000000
0.041063 0.519640 0.017601 5.000000
0.043171 0.519685 0.016090 5.000000
0.044169 0.519607 0.015326 5.000000
0.045843 0.519418 0.014445 5.000000
0.049116 0.518981 0.013339 5.000000
0.051287 0.518550 0.012223 5.000000
0.050770 0.518223 0.011418 5.000000
0.049303 0.518247 0.011200 5.000000
0.051330 0.517850 0.011388 5.000000
0.055115 0.517086 0.011705 5.000000
0.056177 0.516289 0.012077 5.000000
0.055606 0.515258 0.012678 5.000000
0.055168 0.514450 0.013453 5.000000
0.057359 0.513727 0.014421 5.000000
0.058286 0.512933 0.015691 5.000000
0.057690 0.511735 0.017340 5.000000
0.055569 0.510472 0.019004 5.000000
0.054834 0.507929 0.021740 5.000000
0.054799 0.506522 0.022930 5.000000
0.052976 0.505630 0.023889 5.000000
0.051533 0.504793 0.024800 5.000000
0.050639 0.504032 0.025813 5.000000
0.049745 0.503431 0.027285 5.000000
0.046130 0.502480 0.029933 5.000000
0.042755 0.501543 0.032670 5.000000
0.041352 0.500433 0.035429 5.000000
0.041585 0.499402 0.037918 5.000000
0.041587 0.498675 0.039984 5.000000
0.040683 0.498401 0.041769 5.000000
0.038635 0.498191 0.043477 5.000000
0.036503 0.498224 0.044670 5.000000
0.036797 0.498459 0.045205 5.000000
0.037930 0.498946 0.045151 5.000000
0.037453 0.499462 0.044881 5.000000
0.035167 0.500352 0.044575 5.000000
0.034606 0.501456 0.044198 5.000000
0.035937 0.502818 0.043559 5.000000
0.037708 0.504277 0.042560 5.000000
0.036393 0.505899 0.041182 5.000000
0.035194 0.507690 0.039779 5.000000
0.036552 0.509165 0.038674 5.000000
0.039100 0.510429 0.037798 5.000000
0.038913 0.511591 0.036908 5.000000
0.038375 0.512722 0.035982 5.000000
0.040363 0.513472 0.034755 5.000000
0.042791 0.514390 0.031146 5.000000
0.042975 0.514562 0.030714 5.000000
0.044607 0.515414 0.028317 5.000000
0.044722 0.516306 0.025810 5.000000
0.046030 0.516970 0.023698 5.000000
0.047424 0.517737 0.021643 5.000000
0.048907 0.519016 0.018066 5.000000
0.050675 0.519375 0.016132 5.000000
0.052615 0.519602 0.014578 5.000000
0.055168 0.519685 0.013331 5.000000
0.057648 0.520001 0.012783 5.000000
0.058205 0.520162 0.012760 5.000000
0.059431 0.520032 0.013146 5.000000
0.058557 0.519296 0.014205 5.000000
0.058077 0.518299 0.015821 5.000000
0.058437 0.516887 0.017820 5.000000
0.059849 0.515123 0.019908 5.000000
0.061207 0.513606 0.021780 5.000000
0.062598 0.511872 0.023487 5.000000
0.061068 0.509797 0.025493 5.000000
0.058893 0.508018 0.027636 5.000000
0.057346 0.506247 0.029732 5.000000
0.057186 0.504683 0.031127 5.000000
0.057093 0.503097 0.032161 5.000000
0.056061 0.501993 0.032697 5.000000
0.053874 0.501376 0.033001 5.000000
0.051678 0.501042 0.033267 5.000000
0.049401 0.500899 0.033576 5.000000
0.048071 0.500783 0.034005 5.000000
0.047785 0.500630 0.034622 5.000000
0.047431 0.500614 0.035243 5.000000
0.044594 0.500527 0.036581 5.000000
0.044050 0.500550 0.036732 5.000000
0.043672 0.500590 0.037511 5.000000
0.042538 0.501271 0.038332 5.000000
0.043238 0.501957 0.038570 5.000000
0.043431 0.502551 0.038640 5.000000
0.043745 0.503121 0.038628 5.000000
0.042962 0.503898 0.038497 5.000000
0.043272 0.504758 0.037956 5.000000
0.043600 0.505731 0.036877 5.000000
0.045379 0.506749 0.035296 5.000000
0.046345 0.508060 0.033139 5.000000
0.046606 0.509739 0.030471 5.000000
0.047806 0.511322 0.027904 5.000000
0.048620 0.512664 0.025573 5.000000
0.049144 0.514060 0.023422 5.000000
0.049806 0.515276 0.021694 5.000000
0.050653 0.516365 0.020356 5.000000
0.050652 0.517238 0.019503 5.000000
0.050503 0.517842 0.019221 5.000000
0.051793 0.518004 0.019113 5.000000
0.053104 0.517959 0.019091 5.000000
0.054479 0.517661 0.019183 5.000000
0.054004 0.516967 0.019294 5.000000
0.054756 0.516146 0.019209 5.000000
0.057612 0.515265 0.018920 5.000000
0.060358 0.514309 0.018606 5.000000
0.059698 0.513464 0.018385 5.000000
0.059139 0.512727 0.018245 5.000000
0.058946 0.511951 0.017998 5.000000
0.059368 0.511356 0.017665 5.000000
0.060097 0.510794 0.017516 5.000000
0.060364 0.509918 0.017720 5.000000
0.060829 0.508743 0.018271 5.000000
0.059041 0.507648 0.019060 5.000000
0.056454 0.506604 0.020177 5.000000
0.055960 0.505234 0.021651 5.000000
0.057148 0.504088 0.023171 5.000000
0.058084 0.502667 0.024750 5.000000
0.055958 0.501161 0.026562 5.000000
0.053335 0.499797 0.028506 5.000000
0.051141 0.498532 0.030772 5.000000
0.050736 0.497233 0.033239 5.000000
0.050551 0.495965 0.035820 5.000000
0.048515 0.494987 0.037965 5.000000
0.045966 0.494226 0.039690 5.000000
0.043326 0.493892 0.040914 5.000000
0.042178 0.494044 0.041458 5.000000
0.042486 0.494433 0.041501 5.000000
0.040234 0.496148 0.041081 5.000000
0.038589 0.497445 0.040875 5.000000
0.038678 0.498607 0.040502 5.000000
0.039911 0.498770 0.040391 5.000000
0.043049 0.501047 0.038276 5.000000
0.045681 0.502539 0.036424 5.000000
0.046052 0.504238 0.034413 5.000000
0.045572 0.506128 0.032551 5.000000
0.045874 0.506614 0.032219 5.000000
0.048135 0.509530 0.028817 5.000000
0.048421 0.510896 0.026758 5.000000
0.049997 0.512138 0.024686 5.000000
0.052253 0.513171 0.022378 5.000000
0.054428 0.514200 0.020261 5.000000
0.055355 0.515286 0.018296 5.000000
0.058135 0.516118 0.015442 5.000000
0.057815 0.516619 0.013807 5.000000
0.059266 0.517051 0.012517 5.000000
0.062556 0.517318 0.011686 5.000000
0.064899 0.517152 0.011264 5.000000
0.063187 0.516471 0.011334 5.000000
0.060238 0.516201 0.011869 5.000000
0.060415 0.515643 0.012590 5.000000
0.062178 0.514492 0.013371 5.000000
0.063461 0.513106 0.014194 5.000000
0.061471 0.511977 0.015161 5.000000
0.059582 0.510820 0.016020 5.000000
0.059615 0.509296 0.016744 5.000000
0.060661 0.508009 0.017201 5.000000
0.061642 0.506888 0.017480 5.000000